0.0
239.17
56.16
55.31
50.46
56.70
59.88
55.39
52.31
57.16
58.43
56.69
54.54
54.67
57.25
59.73
56.81
60.17
55.47
59.61
61.07
56.66
65.61
62.49
66.01
67.80
64.54
65.01
64.33
60.56
61.94
66.43
67.92
63.25
69.68
64.25
63.50
70.91
68.67
67.57
66.60
63.92
70.75
65.66
68.92
66.12
70.06
75.57
69.08
75.92
73.96
75.00
76.97
77.17
73.19
72.50
75.90
76.33
74.22
74.87
79.59
71.54
73.94
77.09
76.11
70.02
71.34
75.49
71.87
71.63
74.64
76.82
77.27
78.00
75.36
72.38
75.81
71.63
72.12
72.92
70.42
73.00
70.63
74.85
76.30
78.36
71.58
72.82
74.24
76.04
72.91
79.23
73.47
74.13
78.00
75.81
78.09
77.36
76.45
77.63
